{
  "asset": {
    "version": "2.0",
    "generator": "THREE.GLTFExporter"
  },
  "scenes": [
    {
      "name": "Scene",
      "nodes": [
        38
      ]
    }
  ],
  "scene": 0,
  "nodes": [
    {
      "matrix": [
        -0.9358349863642015,
        5.8646894212405755e-9,
        0.35243927691268695,
        0,
        -0.35243922713131237,
        -3.774593208160091e-9,
        -0.935834859021631,
        0,
        -2.4514366184428215e-9,
        -1.0000001460904655,
        1.4973299195633575e-8,
        0,
        36.773094177246094,
        0.0014837392373010516,
        -13.848896980285645,
        1
      ],
      "name": "Cylinder001",
      "extras": {
        "name": "Cylinder.001"
      },
      "mesh": 0
    },
    {
      "matrix": [
        -0.6086567150570267,
        0.000004174701672722474,
        -0.7934337309702034,
        0,
        -0.1510384164862307,
        0.9817136512906851,
        0.11586934257919317,
        0,
        0.7789252082221234,
        0.19036362759967537,
        -0.597525975131533,
        0,
        4.024499893188477,
        1.4279913902282715,
        -2.5562469959259033,
        1
      ],
      "name": "Camera",
      "extras": {
        "name": "Camera"
      },
      "camera": 0
    },
    {
      "name": "Sphere003_1",
      "mesh": 1
    },
    {
      "name": "Sphere003_2",
      "mesh": 2
    },
    {
      "name": "Sphere003_3",
      "mesh": 3
    },
    {
      "name": "Sphere003_4",
      "mesh": 4
    },
    {
      "name": "house",
      "extras": {
        "name": "house"
      },
      "children": [
        2,
        3,
        4,
        5
      ]
    },
    {
      "name": "Sphere002_1",
      "mesh": 5
    },
    {
      "name": "Sphere002_2",
      "mesh": 6
    },
    {
      "matrix": [
        0.9649629592895508,
        0,
        0,
        0,
        0,
        0.9649629592895508,
        0,
        0,
        0,
        0,
        0.9649629592895508,
        0,
        0.005611743777990341,
        0,
        0,
        1
      ],
      "name": "Sphere002",
      "extras": {
        "name": "Sphere.002"
      },
      "children": [
        7,
        8
      ]
    },
    {
      "name": "Sphere004",
      "mesh": 7
    },
    {
      "name": "Sphere004_1",
      "mesh": 8
    },
    {
      "name": "Sphere004_2",
      "mesh": 9
    },
    {
      "name": "Sphere003",
      "extras": {
        "name": "Sphere.003"
      },
      "children": [
        10,
        11,
        12
      ]
    },
    {
      "matrix": [
        0.8982003927230835,
        0,
        0,
        0,
        0,
        0.8982003927230835,
        0,
        0,
        0,
        0,
        0.8982003927230835,
        0,
        0.08865774422883987,
        0,
        -0.05455863103270531,
        1
      ],
      "name": "Cylinder",
      "extras": {
        "name": "Cylinder"
      },
      "mesh": 10
    },
    {
      "matrix": [
        -0.2908649246930183,
        -0.05518917990862584,
        -0.9551712314616544,
        0,
        -0.7711009785531082,
        0.6045245825343813,
        0.19988349486053875,
        0,
        0.5663930878889627,
        0.7946724849038356,
        -0.21839144793163504,
        0,
        6.293747901916504,
        8.73471736907959,
        -1.0054543018341064,
        1
      ],
      "name": "Light",
      "extras": {
        "name": "Light"
      },
      "extensions": {
        "KHR_lights_punctual": {
          "light": 0
        }
      }
    },
    {
      "matrix": [
        -0.2908649246930183,
        -0.05518917990862584,
        -0.9551712314616544,
        0,
        -0.7711009785531082,
        0.6045245825343813,
        0.19988349486053875,
        0,
        0.5663930878889627,
        0.7946724849038356,
        -0.21839144793163504,
        0,
        1.0244866609573364,
        0.10665212571620941,
        0.003242121310904622,
        1
      ],
      "name": "Light001",
      "extras": {
        "name": "Light.001"
      },
      "extensions": {
        "KHR_lights_punctual": {
          "light": 1
        }
      }
    },
    {
      "matrix": [
        -0.008420889042000028,
        -0.00015530061677937744,
        -0.9999645658563621,
        0,
        -0.18499010783592643,
        0.9827393787557144,
        0.0014052108238653117,
        0,
        0.9827043374378495,
        0.18499538577745905,
        -0.008304268348956227,
        0,
        0.9859504699707031,
        0.445218026638031,
        -0.0045808060094714165,
        1
      ],
      "name": "area_1",
      "extras": {
        "name": "area 1"
      }
    },
    {
      "matrix": [
        0.9136980175971985,
        0,
        0,
        0,
        0,
        0.9136980175971985,
        0,
        0,
        0,
        0,
        0.9136980175971985,
        0,
        0,
        0,
        0,
        1
      ],
      "name": "Empty",
      "extras": {
        "name": "Empty"
      }
    },
    {
      "matrix": [
        -0.6430445267985668,
        -0.00015531650768560353,
        -0.7658288753444501,
        0,
        -0.14177291511761522,
        0.9827393869574209,
        0.11884334006648167,
        0,
        0.7525917401390212,
        0.18499535126992625,
        -0.6319672028877291,
        0,
        0.7574653625488281,
        0.445218026638031,
        -0.6311619877815247,
        1
      ],
      "name": "area_1001",
      "extras": {
        "name": "area 1.001"
      }
    },
    {
      "matrix": [
        0.6281391850190738,
        -0.00015530900850751128,
        -0.7781010141113152,
        0,
        -0.14384921544450288,
        0.9827393805670752,
        -0.11632160301695164,
        0,
        0.7646885741079491,
        0.1849953772419962,
        0.617274772260879,
        0,
        0.7648339867591858,
        0.445218026638031,
        0.6222123503684998,
        1
      ],
      "name": "area_1002",
      "extras": {
        "name": "area 1.002"
      }
    },
    {
      "matrix": [
        0.9842351646209594,
        -0.00015530106882778228,
        -0.17686469152863366,
        0,
        -0.03256893524065087,
        0.9827393814942401,
        -0.18210594515175868,
        0,
        0.17384017880528724,
        0.1849953695856951,
        0.9672415989135128,
        0,
        0.1707172989845276,
        0.445218026638031,
        0.9710689783096313,
        1
      ],
      "name": "area_1003",
      "extras": {
        "name": "area 1.003"
      }
    },
    {
      "matrix": [
        0.8887472496005191,
        -0.0001552995950931243,
        0.45839756081055116,
        0,
        0.08493706762555625,
        0.9827393815190895,
        -0.16434416904076107,
        0,
        -0.4504598127344422,
        0.18499537280816425,
        0.873420112927854,
        0,
        -0.4552667737007141,
        0.445218026638031,
        0.8745579123497009,
        1
      ],
      "name": "area_1004",
      "extras": {
        "name": "area 1.004"
      }
    },
    {
      "matrix": [
        0.35979645717246145,
        -0.00015530203154354676,
        0.9330308389659105,
        0,
        0.17266129307171288,
        0.9827393815655665,
        -0.06641827643241786,
        0,
        -0.916915834298615,
        0.18499537154047843,
        0.3536129622708125,
        0,
        -0.9212646484375,
        0.445218026638031,
        0.3512703776359558,
        1
      ],
      "name": "area_1005",
      "extras": {
        "name": "area 1.005"
      }
    },
    {
      "matrix": [
        -0.3800931367724384,
        -0.0001553032708633754,
        0.9249481522688463,
        0,
        0.17105310596643153,
        0.9827393836975362,
        0.07045663511993372,
        0,
        -0.9089939199852574,
        0.1849953382443262,
        -0.37350593014810296,
        0,
        -0.910541832447052,
        0.445218026638031,
        -0.3781970143318176,
        1
      ],
      "name": "area_1006",
      "extras": {
        "name": "area 1.006"
      }
    },
    {
      "matrix": [
        -0.882296710599256,
        -0.00015529782061614222,
        0.47069378109338084,
        0,
        0.08694150928008502,
        0.9827393818465855,
        0.16329262893186416,
        0,
        -0.46259467388015457,
        0.1849953768768766,
        -0.867054221065593,
        0,
        -0.4607987403869629,
        0.445218026638031,
        -0.8716558218002319,
        1
      ],
      "name": "area_1007",
      "extras": {
        "name": "area 1.007"
      }
    },
    {
      "matrix": [
        -0.9783496525993862,
        -0.0001552959728883519,
        -0.20695857070078127,
        0,
        -0.03843569437559769,
        0.9827393767055196,
        0.18095859787476923,
        0,
        0.2033582347787577,
        0.1849953778702457,
        -0.96146869739402,
        0,
        0.20769262313842773,
        0.445218026638031,
        -0.9638376832008362,
        1
      ],
      "name": "area_1008",
      "extras": {
        "name": "area 1.008"
      }
    },
    {
      "matrix": [
        -0.8809779629708878,
        -0.00015530151294046053,
        -0.47315721990446763,
        0,
        -0.08766635176712731,
        0.9827393810035966,
        0.16290463263722207,
        0,
        0.4649649342705161,
        0.18499535878014572,
        -0.865785353097537,
        0,
        0.48546913266181946,
        0.5844195485115051,
        -0.8316355347633362,
        1
      ],
      "name": "area_1009",
      "extras": {
        "name": "area 1.009"
      }
    },
    {
      "matrix": [
        -0.8809779629708878,
        -0.00015530151294046053,
        -0.47315721990446763,
        0,
        -0.08766635176712731,
        0.9827393810035966,
        0.16290463263722207,
        0,
        0.4649649342705161,
        0.18499535878014572,
        -0.865785353097537,
        0,
        0.40316975116729736,
        0.7540481090545654,
        -0.7292228937149048,
        1
      ],
      "name": "area_1010",
      "extras": {
        "name": "area 1.010"
      }
    },
    {
      "matrix": [
        0.8753522864771656,
        -0.0001553059155688482,
        -0.4834856418940507,
        0,
        -0.08930900540076708,
        0.9827393812304925,
        -0.16200991413000992,
        0,
        0.47516554158443663,
        0.18499537054260917,
        0.8602292940402211,
        0,
        0.4353542625904083,
        0.5844195485115051,
        0.8589321970939636,
        1
      ],
      "name": "area_1011",
      "extras": {
        "name": "area 1.011"
      }
    },
    {
      "matrix": [
        0.8753522864771656,
        -0.0001553059155688482,
        -0.4834856418940507,
        0,
        -0.08930900540076708,
        0.9827393812304925,
        -0.16200991413000992,
        0,
        0.47516554158443663,
        0.18499537054260917,
        0.8602292940402211,
        0,
        0.39395466446876526,
        0.7540481090545654,
        0.7342422008514404,
        1
      ],
      "name": "area_1012",
      "extras": {
        "name": "area 1.012"
      }
    },
    {
      "matrix": [
        -0.008420889042000028,
        -0.00015530061677937744,
        -0.9999645658563621,
        0,
        -0.18499010783592643,
        0.9827393787557144,
        0.0014052108238653117,
        0,
        0.9827043374378495,
        0.18499538577745905,
        -0.008304268348956227,
        0,
        0.8168483376502991,
        0.7189154624938965,
        -0.003922104835510254,
        1
      ],
      "name": "area_1013",
      "extras": {
        "name": "area 1.013"
      }
    },
    {
      "matrix": [
        -0.9778298572363172,
        -0.03393106515748877,
        -0.20663374841737364,
        0,
        -0.04392533720455686,
        0.9980666573943942,
        0.043971720465867815,
        0,
        0.20474224726920265,
        0.052073318221026045,
        -0.9774298105605577,
        0,
        0.1991787552833557,
        0.9652511477470398,
        -0.7526775002479553,
        1
      ],
      "name": "area_1014",
      "extras": {
        "name": "area 1.014"
      }
    },
    {
      "matrix": [
        0.9554146931930749,
        -0.0298625318662046,
        0.29375328426172337,
        0,
        0.2237652018050221,
        0.7223241747507215,
        -0.6543522854824461,
        0,
        -0.19264448269716447,
        0.6909095511886394,
        0.696801325455177,
        0,
        0.09364652633666992,
        1.0313667058944702,
        -0.329664021730423,
        1
      ],
      "name": "area_1015",
      "extras": {
        "name": "area 1.015"
      }
    },
    {
      "matrix": [
        0.833920640678811,
        -0.03393106068837657,
        0.550840322508393,
        0,
        0.05699081003946862,
        0.9980666568989954,
        -0.024799115018634448,
        0,
        -0.5489338988469821,
        0.05207333006208078,
        0.834242144523399,
        0,
        -0.46133363246917725,
        0.965251088142395,
        0.627189576625824,
        1
      ],
      "name": "area_1016",
      "extras": {
        "name": "area 1.016"
      }
    },
    {
      "matrix": [
        -0.7811176043636456,
        -0.02986252997465023,
        -0.6236693744806451,
        0,
        -0.4481478106642529,
        0.7223241919550276,
        0.526698487775259,
        0,
        0.43476292929966226,
        0.6909095283902261,
        -0.5776029721050076,
        0,
        -0.20802080631256104,
        1.0313665866851807,
        0.27235159277915955,
        1
      ],
      "name": "area_1017",
      "extras": {
        "name": "area 1.017"
      }
    },
    {
      "matrix": [
        -0.2908649246930183,
        -0.05518917990862584,
        -0.9551712314616544,
        0,
        -0.7711009785531082,
        0.6045245825343813,
        0.19988349486053875,
        0,
        0.5663930878889627,
        0.7946724849038356,
        -0.21839144793163504,
        0,
        -8.950368881225586,
        9.927392959594727,
        -5.842904567718506,
        1
      ],
      "name": "Light002",
      "extras": {
        "name": "Light.002"
      },
      "extensions": {
        "KHR_lights_punctual": {
          "light": 2
        }
      }
    },
    {
      "matrix": [
        -0.2908649246930183,
        -0.05518917990862584,
        -0.9551712314616544,
        0,
        -0.7711009785531082,
        0.6045245825343813,
        0.19988349486053875,
        0,
        0.5663930878889627,
        0.7946724849038356,
        -0.21839144793163504,
        0,
        -3.961578369140625,
        1.6575583219528198,
        -4.511268615722656,
        1
      ],
      "name": "Light003",
      "extras": {
        "name": "Light.003"
      },
      "extensions": {
        "KHR_lights_punctual": {
          "light": 3
        }
      }
    },
    {
      "name": "capsule_corp_export_gltf.glb",
      "children": [
        0,
        1,
        6,
        9,
        13,
        14,
        15,
        16,
        17,
        18,
        19,
        20,
        21,
        22,
        23,
        24,
        25,
        26,
        27,
        28,
        29,
        30,
        31,
        32,
        33,
        34,
        35,
        36,
        37
      ]
    }
  ],
  "bufferViews": [
    {
      "buffer": 0,
      "byteOffset": 0,
      "byteLength": 264,
      "target": 34962,
      "byteStride": 12
    },
    {
      "buffer": 0,
      "byteOffset": 264,
      "byteLength": 264,
      "target": 34962,
      "byteStride": 12
    },
    {
      "buffer": 0,
      "byteOffset": 528,
      "byteLength": 176,
      "target": 34962,
      "byteStride": 8
    },
    {
      "buffer": 0,
      "byteOffset": 704,
      "byteLength": 120,
      "target": 34963
    },
    {
      "buffer": 0,
      "byteOffset": 824,
      "byteLength": 294996,
      "target": 34962,
      "byteStride": 12
    },
    {
      "buffer": 0,
      "byteOffset": 295820,
      "byteLength": 294996,
      "target": 34962,
      "byteStride": 12
    },
    {
      "buffer": 0,
      "byteOffset": 590816,
      "byteLength": 196664,
      "target": 34962,
      "byteStride": 8
    },
    {
      "buffer": 0,
      "byteOffset": 787480,
      "byteLength": 242688,
      "target": 34963
    },
    {
      "buffer": 0,
      "byteOffset": 1030168,
      "byteLength": 23868,
      "target": 34962,
      "byteStride": 12
    },
    {
      "buffer": 0,
      "byteOffset": 1054036,
      "byteLength": 23868,
      "target": 34962,
      "byteStride": 12
    },
    {
      "buffer": 0,
      "byteOffset": 1077904,
      "byteLength": 15912,
      "target": 34962,
      "byteStride": 8
    },
    {
      "buffer": 0,
      "byteOffset": 1093816,
      "byteLength": 18432,
      "target": 34963
    },
    {
      "buffer": 0,
      "byteOffset": 1112248,
      "byteLength": 2232,
      "target": 34962,
      "byteStride": 12
    },
    {
      "buffer": 0,
      "byteOffset": 1114480,
      "byteLength": 2232,
      "target": 34962,
      "byteStride": 12
    },
    {
      "buffer": 0,
      "byteOffset": 1116712,
      "byteLength": 1488,
      "target": 34962,
      "byteStride": 8
    },
    {
      "buffer": 0,
      "byteOffset": 1118200,
      "byteLength": 1536,
      "target": 34963
    },
    {
      "buffer": 0,
      "byteOffset": 1119736,
      "byteLength": 98940,
      "target": 34962,
      "byteStride": 12
    },
    {
      "buffer": 0,
      "byteOffset": 1218676,
      "byteLength": 98940,
      "target": 34962,
      "byteStride": 12
    },
    {
      "buffer": 0,
      "byteOffset": 1317616,
      "byteLength": 65960,
      "target": 34962,
      "byteStride": 8
    },
    {
      "buffer": 0,
      "byteOffset": 1383576,
      "byteLength": 79872,
      "target": 34963
    },
    {
      "buffer": 0,
      "byteOffset": 1463448,
      "byteLength": 5508,
      "target": 34962,
      "byteStride": 12
    },
    {
      "buffer": 0,
      "byteOffset": 1468956,
      "byteLength": 5508,
      "target": 34962,
      "byteStride": 12
    },
    {
      "buffer": 0,
      "byteOffset": 1474464,
      "byteLength": 3672,
      "target": 34962,
      "byteStride": 8
    },
    {
      "buffer": 0,
      "byteOffset": 1478136,
      "byteLength": 3072,
      "target": 34963
    },
    {
      "buffer": 0,
      "byteOffset": 1481208,
      "byteLength": 1908,
      "target": 34962,
      "byteStride": 12
    },
    {
      "buffer": 0,
      "byteOffset": 1483116,
      "byteLength": 1908,
      "target": 34962,
      "byteStride": 12
    },
    {
      "buffer": 0,
      "byteOffset": 1485024,
      "byteLength": 1272,
      "target": 34962,
      "byteStride": 8
    },
    {
      "buffer": 0,
      "byteOffset": 1486296,
      "byteLength": 1152,
      "target": 34963
    },
    {
      "buffer": 0,
      "byteOffset": 1487448,
      "byteLength": 55080,
      "target": 34962,
      "byteStride": 12
    },
    {
      "buffer": 0,
      "byteOffset": 1542528,
      "byteLength": 55080,
      "target": 34962,
      "byteStride": 12
    },
    {
      "buffer": 0,
      "byteOffset": 1597608,
      "byteLength": 36720,
      "target": 34962,
      "byteStride": 8
    },
    {
      "buffer": 0,
      "byteOffset": 1634328,
      "byteLength": 43776,
      "target": 34963
    },
    {
      "buffer": 0,
      "byteOffset": 1678104,
      "byteLength": 26256,
      "target": 34962,
      "byteStride": 12
    },
    {
      "buffer": 0,
      "byteOffset": 1704360,
      "byteLength": 26256,
      "target": 34962,
      "byteStride": 12
    },
    {
      "buffer": 0,
      "byteOffset": 1730616,
      "byteLength": 17504,
      "target": 34962,
      "byteStride": 8
    },
    {
      "buffer": 0,
      "byteOffset": 1748120,
      "byteLength": 21888,
      "target": 34963
    },
    {
      "buffer": 0,
      "byteOffset": 1770008,
      "byteLength": 6144,
      "target": 34962,
      "byteStride": 12
    },
    {
      "buffer": 0,
      "byteOffset": 1776152,
      "byteLength": 6144,
      "target": 34962,
      "byteStride": 12
    },
    {
      "buffer": 0,
      "byteOffset": 1782296,
      "byteLength": 4096,
      "target": 34962,
      "byteStride": 8
    },
    {
      "buffer": 0,
      "byteOffset": 1786392,
      "byteLength": 4608,
      "target": 34963
    },
    {
      "buffer": 0,
      "byteOffset": 1791000,
      "byteLength": 10668,
      "target": 34962,
      "byteStride": 12
    },
    {
      "buffer": 0,
      "byteOffset": 1801668,
      "byteLength": 10668,
      "target": 34962,
      "byteStride": 12
    },
    {
      "buffer": 0,
      "byteOffset": 1812336,
      "byteLength": 7112,
      "target": 34962,
      "byteStride": 8
    },
    {
      "buffer": 0,
      "byteOffset": 1819448,
      "byteLength": 7176,
      "target": 34963
    }
  ],
  "buffers": [
    {
      "byteLength": 1826624,
