{
  "asset": {
    "version": "2.0",
    "generator": "THREE.GLTFExporter"
  },
  "scenes": [
    {
      "name": "Scene",
      "nodes": [
        37
      ]
    }
  ],
  "scene": 0,
  "nodes": [
    {
      "name": "Sphere003_1",
      "extras": {
        "name": "Sphere003_1"
      },
      "mesh": 0
    },
    {
      "name": "Sphere003_2",
      "extras": {
        "name": "Sphere003_2"
      },
      "mesh": 1
    },
    {
      "name": "Sphere003_3",
      "extras": {
        "name": "Sphere003_3"
      },
      "mesh": 2
    },
    {
      "name": "Sphere003_4",
      "extras": {
        "name": "Sphere003_4"
      },
      "mesh": 3
    },
    {
      "name": "house",
      "extras": {
        "name": "house"
      },
      "children": [
        0,
        1,
        2,
        3
      ]
    },
    {
      "name": "Sphere002_1",
      "extras": {
        "name": "Sphere002_1"
      },
      "mesh": 4
    },
    {
      "name": "Sphere002_2",
      "extras": {
        "name": "Sphere002_2"
      },
      "mesh": 5
    },
    {
      "matrix": [
        0.9649629592895508,
        0,
        0,
        0,
        0,
        0.9649629592895508,
        0,
        0,
        0,
        0,
        0.9649629592895508,
        0,
        0.005611743777990341,
        0,
        0,
        1
      ],
      "name": "Sphere002",
      "extras": {
        "name": "Sphere.002"
      },
      "children": [
        5,
        6
      ]
    },
    {
      "name": "Sphere004",
      "extras": {
        "name": "Sphere004"
      },
      "mesh": 6
    },
    {
      "name": "Sphere004_1",
      "extras": {
        "name": "Sphere004_1"
      },
      "mesh": 7
    },
    {
      "name": "Sphere004_2",
      "extras": {
        "name": "Sphere004_2"
      },
      "mesh": 8
    },
    {
      "name": "Sphere003",
      "extras": {
        "name": "Sphere.003"
      },
      "children": [
        8,
        9,
        10
      ]
    },
    {
      "matrix": [
        0.8982003927230835,
        0,
        0,
        0,
        0,
        0.8982003927230835,
        0,
        0,
        0,
        0,
        0.8982003927230835,
        0,
        0.08865774422883987,
        0,
        -0.05455863103270531,
        1
      ],
      "name": "Cylinder",
      "extras": {
        "name": "Cylinder"
      },
      "mesh": 9
    },
    {
      "matrix": [
        -0.29086502912596923,
        -0.05518920354134078,
        -0.9551712638734731,
        0,
        -0.7711010021858204,
        0.6045245577964077,
        0.1998835745163171,
        0,
        0.566393055477144,
        0.7946725645596223,
        -0.21839151285996958,
        0,
        6.293747901916504,
        8.73471736907959,
        -1.0054543018341064,
        1
      ],
      "name": "Light",
      "extras": {
        "name": "Light"
      },
      "extensions": {
        "KHR_lights_punctual": {
          "light": 0
        }
      }
    },
    {
      "matrix": [
        -0.29086502912596923,
        -0.05518920354134078,
        -0.9551712638734731,
        0,
        -0.7711010021858204,
        0.6045245577964077,
        0.1998835745163171,
        0,
        0.566393055477144,
        0.7946725645596223,
        -0.21839151285996958,
        0,
        1.0244866609573364,
        0.10665212571620941,
        0.003242121310904622,
        1
      ],
      "name": "Light001",
      "extras": {
        "name": "Light.001"
      },
      "extensions": {
        "KHR_lights_punctual": {
          "light": 1
        }
      }
    },
    {
      "matrix": [
        -0.008420889067743565,
        -0.0001553006183288208,
        -0.9999645658666005,
        0,
        -0.18499010783747588,
        0.9827393787554473,
        0.0014052109340646445,
        0,
        0.9827043374276113,
        0.1849953858876584,
        -0.00830426836441665,
        0,
        0.9859504699707031,
        0.445218026638031,
        -0.0045808060094714165,
        1
      ],
      "name": "area_1",
      "extras": {
        "name": "area 1"
      }
    },
    {
      "matrix": [
        0.9136980175971985,
        0,
        0,
        0,
        0,
        0.9136980175971985,
        0,
        0,
        0,
        0,
        0.9136980175971985,
        0,
        0,
        0,
        0,
        1
      ],
      "name": "Empty",
      "extras": {
        "name": "Empty"
      }
    },
    {
      "matrix": [
        -0.6430445267985861,
        -0.00015531650750936728,
        -0.7658288753444342,
        0,
        -0.14177291511779147,
        0.9827393869573777,
        0.11884334006662842,
        0,
        0.7525917401390371,
        0.18499535126977953,
        -0.6319672028877535,
        0,
        0.7574653625488281,
        0.445218026638031,
        -0.6311619877815247,
        1
      ],
      "name": "area_1001",
      "extras": {
        "name": "area 1.001"
      }
    },
    {
      "matrix": [
        0.6281391850177953,
        -0.0001553090230121869,
        -0.7781010141128291,
        0,
        -0.14384921545900756,
        0.9827393805670436,
        -0.11632160299943176,
        0,
        0.7646885741064352,
        0.18499537725951606,
        0.6172747722581327,
        0,
        0.7648339867591858,
        0.445218026638031,
        0.6222123503684998,
        1
      ],
      "name": "area_1002",
      "extras": {
        "name": "area 1.002"
      }
    },
    {
      "matrix": [
        0.9842351646209593,
        -0.0001553010690077104,
        -0.17686469152863415,
        0,
        -0.03256893524083079,
        0.98273938149424,
        -0.1821059451517269,
        0,
        0.17384017880528674,
        0.18499536958572685,
        0.9672415989135069,
        0,
        0.1707172989845276,
        0.445218026638031,
        0.9710689783096313,
        1
      ],
      "name": "area_1003",
      "extras": {
        "name": "area 1.003"
      }
    },
    {
      "matrix": [
        0.8887472496004762,
        -0.0001552995910926709,
        0.4583975608106603,
        0,
        0.0849370676295567,
        0.982739381519086,
        -0.16434416903872462,
        0,
        -0.45045981273433294,
        0.1849953728102007,
        0.8734201129274938,
        0,
        -0.4552667737007141,
        0.445218026638031,
        0.8745579123497009,
        1
      ],
      "name": "area_1004",
      "extras": {
        "name": "area 1.004"
      }
    },
    {
      "matrix": [
        0.3597964571663633,
        -0.00015530201305477052,
        0.9330308389704379,
        0,
        0.17266129309020165,
        0.9827393815654748,
        -0.06641827638653434,
        0,
        -0.9169158342940876,
        0.18499537158636195,
        0.35361296226433586,
        0,
        -0.9212646484375,
        0.445218026638031,
        0.3512703776359558,
        1
      ],
      "name": "area_1005",
      "extras": {
        "name": "area 1.005"
      }
    },
    {
      "matrix": [
        -0.3800931366369565,
        -0.0001553031408801889,
        0.9249481522481408,
        0,
        0.17105310609641472,
        0.9827393836986934,
        0.0704566347756788,
        0,
        -0.9089939200059628,
        0.1849953379000713,
        -0.373505930079923,
        0,
        -0.910541832447052,
        0.445218026638031,
        -0.3781970143318176,
        1
      ],
      "name": "area_1006",
      "extras": {
        "name": "area 1.006"
      }
    },
    {
      "matrix": [
        -0.8822967105992577,
        -0.00015529782064522814,
        0.4706937810933773,
        0,
        0.08694150928011411,
        0.9827393818465737,
        0.1632926289319185,
        0,
        -0.4625946738801581,
        0.18499537687682224,
        -0.8670542210656024,
        0,
        -0.4607987403869629,
        0.445218026638031,
        -0.8716558218002319,
        1
      ],
      "name": "area_1007",
      "extras": {
        "name": "area 1.007"
      }
    },
    {
      "matrix": [
        -0.9783496525993863,
        -0.00015529597288966703,
        -0.20695857070078144,
        0,
        -0.03843569437559638,
        0.9827393767055206,
        0.18095859787476307,
        0,
        0.20335823477875753,
        0.1849953778702519,
        -0.961468697394019,
        0,
        0.20769262313842773,
        0.445218026638031,
        -0.9638376832008362,
        1
      ],
      "name": "area_1008",
      "extras": {
        "name": "area 1.008"
      }
    },
    {
      "matrix": [
        -0.8809779629708872,
        -0.00015530151295078574,
        -0.4731572199044689,
        0,
        -0.08766635176711698,
        0.9827393810036006,
        0.162904632637203,
        0,
        0.4649649342705148,
        0.18499535878016482,
        -0.8657853530975337,
        0,
        0.48546913266181946,
        0.5844195485115051,
        -0.8316355347633362,
        1
      ],
      "name": "area_1009",
      "extras": {
        "name": "area 1.009"
      }
    },
    {
      "matrix": [
        -0.8809779629708872,
        -0.00015530151295078574,
        -0.4731572199044689,
        0,
        -0.08766635176711698,
        0.9827393810036006,
        0.162904632637203,
        0,
        0.4649649342705148,
        0.18499535878016482,
        -0.8657853530975337,
        0,
        0.40316975116729736,
        0.7540481090545654,
        -0.7292228937149048,
        1
      ],
      "name": "area_1010",
      "extras": {
        "name": "area 1.010"
      }
    },
    {
      "matrix": [
        0.8753522864771269,
        -0.00015530591860014647,
        -0.4834856418941412,
        0,
        -0.0893090054037984,
        0.9827393812304899,
        -0.1620099141283645,
        0,
        0.47516554158434615,
        0.18499537054425466,
        0.8602292940399308,
        0,
        0.4353542625904083,
        0.5844195485115051,
        0.8589321970939636,
        1
      ],
      "name": "area_1011",
      "extras": {
        "name": "area 1.011"
      }
    },
    {
      "matrix": [
        0.8753522864771269,
        -0.00015530591860014647,
        -0.4834856418941412,
        0,
        -0.0893090054037984,
        0.9827393812304899,
        -0.1620099141283645,
        0,
        0.47516554158434615,
        0.18499537054425466,
        0.8602292940399308,
        0,
        0.39395466446876526,
        0.7540481090545654,
        0.7342422008514404,
        1
      ],
      "name": "area_1012",
      "extras": {
        "name": "area 1.012"
      }
    },
    {
      "matrix": [
        -0.008420889067743565,
        -0.0001553006183288208,
        -0.9999645658666005,
        0,
        -0.18499010783747588,
        0.9827393787554473,
        0.0014052109340646445,
        0,
        0.9827043374276113,
        0.1849953858876584,
        -0.00830426836441665,
        0,
        0.8168483376502991,
        0.7189154624938965,
        -0.003922104835510254,
        1
      ],
      "name": "area_1013",
      "extras": {
        "name": "area 1.013"
      }
    },
    {
      "matrix": [
        -0.9778298572363175,
        -0.03393106515748849,
        -0.20663374841737364,
        0,
        -0.04392533720455713,
        0.998066657394394,
        0.043971720465868086,
        0,
        0.20474224726920265,
        0.05207331822102576,
        -0.977429810560558,
        0,
        0.1991787552833557,
        0.9652511477470398,
        -0.7526775002479553,
        1
      ],
      "name": "area_1014",
      "extras": {
        "name": "area 1.014"
      }
    },
    {
      "matrix": [
        0.9554146931931903,
        -0.029862531877549642,
        0.2937532842600867,
        0,
        0.22376520179367704,
        0.7223241747512352,
        -0.6543522854854561,
        0,
        -0.19264448269880122,
        0.6909095511856292,
        0.6968013254573989,
        0,
        0.09364652633666992,
        1.0313667058944702,
        -0.329664021730423,
        1
      ],
      "name": "area_1015",
      "extras": {
        "name": "area 1.015"
      }
    },
    {
      "matrix": [
        0.8339206406788079,
        -0.03393106068832657,
        0.550840322508401,
        0,
        0.05699081003951863,
        0.9980666568989954,
        -0.024799115018520244,
        0,
        -0.5489338988469742,
        0.05207333006219499,
        0.8342421445233974,
        0,
        -0.46133363246917725,
        0.965251088142395,
        0.627189576625824,
        1
      ],
      "name": "area_1016",
      "extras": {
        "name": "area 1.016"
      }
    },
    {
      "matrix": [
        -0.7811176043564256,
        -0.029862529991685063,
        -0.6236693744880936,
        0,
        -0.4481478106472181,
        0.7223241919781481,
        0.5266984877579015,
        0,
        0.43476292929221383,
        0.6909095284075835,
        -0.5776029720891069,
        0,
        -0.20802080631256104,
        1.0313665866851807,
        0.27235159277915955,
        1
      ],
      "name": "area_1017",
      "extras": {
        "name": "area 1.017"
      }
    },
    {
      "matrix": [
        -0.29086502912596923,
        -0.05518920354134078,
        -0.9551712638734731,
        0,
        -0.7711010021858204,
        0.6045245577964077,
        0.1998835745163171,
        0,
        0.566393055477144,
        0.7946725645596223,
        -0.21839151285996958,
        0,
        -8.950368881225586,
        9.927392959594727,
        -5.842904567718506,
        1
      ],
      "name": "Light002",
      "extras": {
        "name": "Light.002"
      },
      "extensions": {
        "KHR_lights_punctual": {
          "light": 2
        }
      }
    },
    {
      "matrix": [
        -0.29086502912596923,
        -0.05518920354134078,
        -0.9551712638734731,
        0,
        -0.7711010021858204,
        0.6045245577964077,
        0.1998835745163171,
        0,
        0.566393055477144,
        0.7946725645596223,
        -0.21839151285996958,
        0,
        -3.961578369140625,
        1.6575583219528198,
        -4.511268615722656,
        1
      ],
      "name": "Light003",
      "extras": {
        "name": "Light.003"
      },
      "extensions": {
        "KHR_lights_punctual": {
          "light": 3
        }
      }
    },
    {
      "matrix": [
        0.6840402866513378,
        0,
        1.8793852415718166,
        0,
        0,
        2,
        0,
        0,
        -1.8793852415718166,
        0,
        0.6840402866513378,
        0,
        0,
        0,
        0,
        1
      ],
      "name": "capsule_corp_export_gltfglb",
      "extras": {
        "name": "capsule_corp_export_gltf.glb"
      },
      "children": [
        4,
        7,
        11,
        12,
        13,
        14,
        15,
        16,
        17,
        18,
        19,
        20,
        21,
        22,
        23,
        24,
        25,
        26,
        27,
        28,
        29,
        30,
        31,
        32,
        33,
        34,
        35
      ]
    },
    {
      "matrix": [
        1,
        0,
        0,
        0,
        0,
        1,
        0,
        0,
        0,
        0,
        1,
        0,
        0,
        0,
        5.960464477539062e-7,
        1
      ],
      "name": "capsule_corp_night.gltf",
      "children": [
        36
      ]
    }
  ],
  "bufferViews": [
    {
      "buffer": 0,
      "byteOffset": 0,
      "byteLength": 294996,
      "target": 34962,
      "byteStride": 12
    },
    {
      "buffer": 0,
      "byteOffset": 294996,
      "byteLength": 294996,
      "target": 34962,
      "byteStride": 12
    },
    {
      "buffer": 0,
      "byteOffset": 589992,
      "byteLength": 196664,
      "target": 34962,
      "byteStride": 8
    },
    {
      "buffer": 0,
      "byteOffset": 786656,
      "byteLength": 242688,
      "target": 34963
    },
    {
      "buffer": 0,
      "byteOffset": 1029344,
      "byteLength": 23868,
      "target": 34962,
      "byteStride": 12
    },
    {
      "buffer": 0,
      "byteOffset": 1053212,
      "byteLength": 23868,
      "target": 34962,
      "byteStride": 12
    },
    {
      "buffer": 0,
      "byteOffset": 1077080,
      "byteLength": 15912,
      "target": 34962,
      "byteStride": 8
    },
    {
      "buffer": 0,
      "byteOffset": 1092992,
      "byteLength": 18432,
      "target": 34963
    },
    {
      "buffer": 0,
      "byteOffset": 1111424,
      "byteLength": 2232,
      "target": 34962,
      "byteStride": 12
    },
    {
      "buffer": 0,
      "byteOffset": 1113656,
      "byteLength": 2232,
      "target": 34962,
      "byteStride": 12
    },
    {
      "buffer": 0,
      "byteOffset": 1115888,
      "byteLength": 1488,
      "target": 34962,
      "byteStride": 8
    },
    {
      "buffer": 0,
      "byteOffset": 1117376,
      "byteLength": 1536,
      "target": 34963
    },
    {
      "buffer": 0,
      "byteOffset": 1118912,
      "byteLength": 98940,
      "target": 34962,
      "byteStride": 12
    },
    {
      "buffer": 0,
      "byteOffset": 1217852,
      "byteLength": 98940,
      "target": 34962,
      "byteStride": 12
    },
    {
      "buffer": 0,
      "byteOffset": 1316792,
      "byteLength": 65960,
      "target": 34962,
      "byteStride": 8
    },
    {
      "buffer": 0,
      "byteOffset": 1382752,
      "byteLength": 79872,
      "target": 34963
    },
    {
      "buffer": 0,
      "byteOffset": 1462624,
      "byteLength": 5508,
      "target": 34962,
      "byteStride": 12
    },
    {
      "buffer": 0,
      "byteOffset": 1468132,
      "byteLength": 5508,
      "target": 34962,
      "byteStride": 12
    },
    {
      "buffer": 0,
      "byteOffset": 1473640,
      "byteLength": 3672,
      "target": 34962,
      "byteStride": 8
    },
    {
      "buffer": 0,
      "byteOffset": 1477312,
      "byteLength": 3072,
      "target": 34963
    },
    {
      "buffer": 0,
      "byteOffset": 1480384,
      "byteLength": 1908,
      "target": 34962,
      "byteStride": 12
    },
    {
      "buffer": 0,
      "byteOffset": 1482292,
      "byteLength": 1908,
      "target": 34962,
      "byteStride": 12
    },
    {
      "buffer": 0,
      "byteOffset": 1484200,
      "byteLength": 1272,
      "target": 34962,
      "byteStride": 8
    },
    {
      "buffer": 0,
      "byteOffset": 1485472,
      "byteLength": 1152,
      "target": 34963
    },
    {
      "buffer": 0,
      "byteOffset": 1486624,
      "byteLength": 55080,
      "target": 34962,
      "byteStride": 12
    },
    {
      "buffer": 0,
      "byteOffset": 1541704,
      "byteLength": 55080,
      "target": 34962,
      "byteStride": 12
    },
    {
      "buffer": 0,
      "byteOffset": 1596784,
      "byteLength": 36720,
      "target": 34962,
      "byteStride": 8
    },
    {
      "buffer": 0,
      "byteOffset": 1633504,
      "byteLength": 43776,
      "target": 34963
    },
    {
      "buffer": 0,
      "byteOffset": 1677280,
      "byteLength": 26256,
      "target": 34962,
      "byteStride": 12
    },
    {
      "buffer": 0,
      "byteOffset": 1703536,
      "byteLength": 26256,
      "target": 34962,
      "byteStride": 12
    },
    {
      "buffer": 0,
      "byteOffset": 1729792,
      "byteLength": 17504,
      "target": 34962,
      "byteStride": 8
    },
    {
      "buffer": 0,
      "byteOffset": 1747296,
      "byteLength": 21888,
      "target": 34963
    },
    {
      "buffer": 0,
      "byteOffset": 1769184,
      "byteLength": 6144,
      "target": 34962,
      "byteStride": 12
    },
    {
      "buffer": 0,
      "byteOffset": 1775328,
      "byteLength": 6144,
      "target": 34962,
      "byteStride": 12
    },
    {
      "buffer": 0,
      "byteOffset": 1781472,
      "byteLength": 4096,
      "target": 34962,
      "byteStride": 8
    },
    {
      "buffer": 0,
      "byteOffset": 1785568,
      "byteLength": 4608,
      "target": 34963
    },
    {
      "buffer": 0,
      "byteOffset": 1790176,
      "byteLength": 10668,
      "target": 34962,
      "byteStride": 12
    },
    {
      "buffer": 0,
      "byteOffset": 1800844,
      "byteLength": 10668,
      "target": 34962,
      "byteStride": 12
    },
    {
      "buffer": 0,
      "byteOffset": 1811512,
      "byteLength": 7112,
      "target": 34962,
      "byteStride": 8
    },
    {
      "buffer": 0,
      "byteOffset": 1818624,
      "byteLength": 7176,
      "target": 34963
    }
  ],
  "buffers": [
    {
      "byteLength": 1825800,
